0 0.081818 0.101093 0.156364 0.180328
0 0.260000 0.098361 0.178182 0.174863
0 0.465455 0.092896 0.210909 0.174863
0 0.661818 0.084699 0.203636 0.158470
0 0.894545 0.065574 0.196364 0.120219
0 0.152727 0.303279 0.174545 0.169399
0 0.289091 0.295082 0.149091 0.174863
0 0.447273 0.289617 0.181818 0.196721
0 0.612727 0.281421 0.163636 0.158470
0 0.789091 0.284153 0.196364 0.196721
0 0.930909 0.213115 0.138182 0.163934
0 0.100000 0.467213 0.192727 0.213115
0 0.254545 0.459016 0.203636 0.207650
0 0.420000 0.467213 0.178182 0.191257
0 0.558182 0.469945 0.163636 0.185792
0 0.705455 0.461749 0.196364 0.169399
0 0.883636 0.469945 0.232727 0.229508
0 0.074545 0.672131 0.141818 0.196721
0 0.234545 0.688525 0.185455 0.153005
0 0.405455 0.685792 0.185455 0.169399
0 0.605455 0.691257 0.236364 0.180328
0 0.852727 0.713115 0.280000 0.213115
0 0.100000 0.871585 0.192727 0.180328
0 0.278182 0.893443 0.163636 0.180328
0 0.456364 0.898907 0.192727 0.180328
0 0.645455 0.901639 0.207273 0.185792
0 0.858182 0.907104 0.232727 0.174863
